194
0 372.094151234 560.30364778 369.588521931 750.944279368 329.009924744 518.915227347 398.059089307 762.592480148 768.566516242 531.715468961 805.543362069 522.325706857 562.439351337 874.14953027 487.41614944 604.582551338 721.808133363 906.378086165 466.985161144 712.503195843 774.442478102 581.610248575 691.811206102 606.500998554 691.003306517 816.78559874 768.937903945 787.341351713 878.285149469 859.649744875 871.373666038 755.67324525 850.30180243 874.770269941 534.184939833 826.164177657 867.558188706 846.368851854 859.983257216 871.40840485 883.556949334 866.537062503 879.116823319 805.283604233 875.715241487 858.140153292 875.748859485 886.510094732 894.055581726 854.589005055 878.107265408 877.789219827 881.813239049 889.200756863 876.418268801 798.178103392 871.579818363 573.534461965 782.729099172 870.616764837 586.723615286 567.213285793 824.476388457 573.045047483 870.167515659 880.678482513 854.262814408 771.267109845 830.266463486 678.376883041 745.982762978 893.269493514 785.130599795 757.063916533 730.781041911 864.885114008 776.513140747 871.781285096 736.578062922 875.725121193 696.53521141 874.64935522 910.324235213 672.712448663 683.538487894 783.342198531 876.960705329 706.097325751 708.175244337 855.85937247 911.706199959 897.497011202 738.869752501 914.021922543 914.130597158 931.279715615 746.696461608 757.103485702 988.75385388 765.514289018 861.83846096 910.908863023 796.903339291 973.643105342 967.348179303 996.304341923 997.353449274 872.219527483 1042.01288294 827.749148554 1049.1602471 893.254849783 897.289454254 1070.75963888 1068.5079972 1085.17567702 1047.02593476 977.59879794 1148.30234001 1129.35802881 1037.00695492 1209.07708818 1219.26323158 990.842860173 993.333409567 988.450437557 1213.8860375 1173.30617682 1006.86109391 1152.84459377 1032.70333845 1209.22546055 1043.67887911 1197.65548457 1190.08063789 1082.70253195 1107.87213994 1119.76720669 1097.43956786 1154.83853773 1109.57295847 1257.33441603 1158.71144465 1118.50224979 1134.73081409 1200.34569643 1261.7128744 1141.07291022 1177.61915969 1235.89677854 1199.48052059 1194.99528997 1186.09083012 1263.92553228 1162.72790793 1211.09605335 1280.58824374 1279.90697056 1345.83865158 1222.85757584 1306.83893144 1232.11673219 1237.50207947 1296.48782811 1356.03281671 1328.19784365 1331.87264548 1283.6068328 1360.89946669 1378.0596316 1314.44644733 1325.87183879 1325.45955906 1334.8180087 1318.52559375 1364.71103091 1379.98758367 1335.40265838 1390.70472942 1383.72800202 1348.57475955 1367.97743485 1382.76517121 1428.3898421 1370.16505697 1389.0155858 1418.67712757 1419.23010694 1414.12154483 1427.55310631 1435.30582208 1459.39199669 1427.34094938 
372.094151234 0 195.133708164 150.170876909 412.075197328 304.652317476 279.22191219 336.879279913 457.397488691 463.216847501 363.111710254 509.693846585 402.357970693 403.431237551 568.520125012 428.793870735 418.964497303 487.297349991 608.757958155 609.161665197 485.181697574 522.661823562 466.786547763 489.727223804 475.360913347 491.068495813 554.658864217 530.295562515 540.633323132 603.502480244 591.24401693 599.265251932 531.984517783 589.432738108 606.71556783 562.83150746 575.751881644 603.934501783 590.303103697 599.063642242 608.852181223 617.619205048 606.773820675 615.106627563 570.318491668 614.069171075 602.776839876 615.087598424 622.392484924 627.995607424 602.791108752 617.891947504 617.932222186 620.964652455 626.144084462 618.923889291 573.850517191 616.5656158 579.238089468 571.847866737 622.801920064 591.189408604 644.9885697 600.788149793 713.714441699 629.209658742 636.533481129 622.405879418 584.386652593 616.590215406 581.560953139 587.371773052 653.687103109 612.211389872 608.664909093 609.893273248 655.29282439 624.400219984 671.899160419 641.749201469 675.58576897 660.598781527 685.477740091 702.474982925 781.879989812 794.725100857 674.492506543 701.883961533 730.961649899 749.59545002 708.064797381 734.652884756 734.756919723 771.597130612 744.44196801 749.314541283 757.130899148 821.758693085 776.340107877 787.56428601 777.188696172 752.276261131 778.569878739 809.233365516 804.343583329 806.288569547 820.863757507 821.504605944 803.161633753 852.85486412 847.283303933 860.757664485 828.881657095 858.940081585 891.183223921 897.011918563 918.335906617 905.410385249 908.829489552 970.564622034 962.432712495 938.496444701 1013.02642654 1022.56231781 971.372381152 970.928721173 986.300663087 1031.91481726 1020.18592119 1034.8453501 1016.22056476 1024.58186214 1049.04542892 1034.33790004 1047.61876241 1053.12936845 1060.30755796 1060.69485679 1066.38032609 1080.9218664 1071.35198322 1083.49114526 1109.58457845 1088.90604833 1105.63346439 1105.2858966 1102.0461402 1122.31507502 1117.26329229 1108.9073042 1122.1755862 1114.57687581 1121.98415108 1124.4829376 1142.56217335 1160.62697334 1145.32391501 1176.16513015 1182.96400372 1210.7657614 1199.93802451 1200.70879165 1206.65336949 1204.70872774 1209.88577528 1238.80143582 1230.21391552 1244.12726481 1256.29415865 1263.62188142 1272.25499495 1278.00092676 1275.24844592 1275.62769578 1274.77558681 1299.27864602 1291.67182412 1294.21986221 1293.90716956 1300.29023104 1309.16530842 1322.07666543 1318.54591508 1318.37336254 1327.6360757 1326.30232992 1341.79654299 1349.5648071 1357.78601197 1365.39247647 1364.76519802 1374.45251239 1377.26221083 1395.26196602 
560.30364778 195.133708164 0 232.897216269 228.671887061 399.537281547 236.060256576 398.11671764 298.79456028 303.895122737 343.473753315 353.820644868 403.790664932 377.441849221 401.268462334 460.22337813 368.608638073 383.611502204 444.926271386 703.478710467 387.545772215 400.183307527 453.968330672 410.724752829 449.82208887 413.430923769 420.599025333 416.957815708 419.828168098 455.964034495 449.221938 453.948755796 429.742400237 453.032071637 463.731264564 611.726206861 448.289410564 464.331618832 457.314426392 461.801114766 469.619043041 475.316754061 469.700546198 474.354662075 454.794311349 475.071567994 469.189728747 476.707848253 481.017628703 484.854979031 471.759600987 479.607955651 479.898203397 481.996429306 485.236595524 482.480235954 465.671700177 482.065805379 613.759008996 473.611181473 492.86403588 623.184031189 705.948357837 490.025003683 796.247216422 503.532737874 508.017389332 503.712346349 501.418102258 511.175291212 557.763584437 523.196553982 526.932420094 535.167306954 548.288732409 566.955060769 548.82736562 559.563641324 570.398975583 610.540477951 573.577504219 661.041338764 589.793439741 593.083705613 843.837477667 856.593218829 630.791972615 613.837403226 755.909066103 781.167724987 636.746819513 642.506004776 651.630558467 796.635756757 656.209937891 663.669253543 665.02320613 863.881948679 793.94564226 676.367241862 790.750204931 700.143403565 710.481147073 820.304294481 711.796848779 718.647391435 723.45818274 723.808376033 770.142171443 745.177115304 859.047080527 753.099617507 796.417378291 838.676230838 787.188209631 797.517097212 820.475330657 823.085389357 868.133447314 863.842295464 862.361941286 879.143991668 894.03375442 902.853203253 953.910327941 951.906555217 977.267148295 920.270235405 925.491708836 1039.07739688 931.111762941 1010.23428406 949.145366655 1018.82239895 953.532029394 966.223266495 1036.45854095 1023.38877052 1025.40842313 1059.23241688 1013.57776154 1056.53480565 1014.40118482 1037.88860155 1084.74714345 1075.50872875 1034.72526139 1031.3341486 1089.98407312 1057.61049505 1045.48767337 1054.13832641 1067.77375082 1076.4065799 1060.86613031 1143.09134515 1094.11145783 1102.59695026 1113.25690935 1119.20017508 1169.7223599 1125.34458437 1174.81942842 1169.01723671 1144.87608745 1156.12314686 1158.30899314 1177.33388547 1221.66683248 1191.02763008 1194.76745426 1237.74748904 1227.48250359 1228.27447683 1221.95859289 1267.50280791 1231.31233379 1226.91367132 1250.42715505 1230.29184798 1247.44788731 1285.70850761 1270.03711944 1261.84636545 1251.27009899 1280.53477815 1293.76597422 1289.5868325 1301.68002199 1315.86453088 1307.74196871 1318.19193087 1309.54133219 1353.75546545 
369.588521931 150.170876909 232.897216269 0 384.961937641 171.806010904 161.337507158 190.221054449 393.67261345 399.668106599 221.774716523 438.537594986 254.144212184 261.820712629 505.885801587 278.895716395 285.517220622 376.707048556 539.906458073 480.820562466 371.040002619 422.178390532 319.722782749 365.01690705 330.913752825 365.594894337 460.858459244 423.000074585 437.794237931 518.388612992 501.907911626 512.375044038 417.59129486 495.527092531 517.404663891 416.620141143 475.683107232 511.900737388 493.651191057 505.354852292 516.267020142 527.187420512 512.525256192 523.482316403 462.187337352 521.035318274 505.957909396 521.497413639 530.945875093 537.794022229 504.004153036 524.089866605 523.92426982 527.578738071 534.128906402 523.584570945 460.845699439 519.795940808 430.594728576 453.078364894 522.252155738 442.290771655 502.706934972 488.134094895 580.226945691 525.266050166 534.332807213 513.931659421 457.158591509 500.037151311 434.725495004 451.953063723 549.511146384 481.328665907 471.268101968 467.002724223 537.930722202 488.239605858 551.191890361 495.625661745 555.045360931 510.559044445 561.289923786 585.337111563 640.845139674 653.733498883 530.799838492 573.536946268 581.845734614 601.372003073 572.526229972 607.490939169 603.478300161 622.617512048 615.235826681 618.847887456 629.470276777 675.691255368 626.689171651 669.318502556 627.286493346 609.827525566 640.712183973 659.255115047 675.991310942 675.674456409 694.55299572 695.325913928 656.03814264 731.323520183 697.38564384 739.077381751 681.520323108 709.843056015 767.051201504 770.514774279 790.748064205 771.200200249 762.500202421 846.749314124 835.348960988 796.306171819 895.604578604 905.454859412 821.784682637 821.462386762 836.246562417 910.009601693 889.950493161 884.792044149 881.982766233 874.72586433 920.927648657 884.537006425 916.848618524 919.28649138 911.105188348 913.17338907 919.442044062 931.49562058 927.942873428 934.557576994 978.757875723 943.837166011 956.109223144 956.624321511 961.074105485 989.584772889 968.301532843 963.817868815 984.050973869 971.635777223 977.490262911 978.665169472 1006.06970922 1010.81944614 1000.07789197 1036.703781 1042.27634271 1077.66303371 1051.1529939 1061.69788207 1058.04336808 1056.59380191 1067.73232531 1102.10083865 1089.96641374 1102.3238205 1107.9422514 1123.43574739 1133.59089636 1130.39502937 1128.91965721 1129.22136578 1129.44960205 1150.51742198 1148.00811526 1152.36297691 1146.78023751 1159.17666093 1165.7800085 1173.84073034 1172.24997902 1173.72812199 1188.36345688 1179.49383744 1195.35849046 1205.62892547 1212.93817588 1219.1806551 1220.10252051 1229.59507255 1235.22990918 1247.6307199 
750.944279368 412.075197328 228.671887061 384.961937641 0 509.63379021 275.805484384 476.805632236 108.771198927 110.623904947 353.696231363 155.120648903 418.03711001 367.713712329 181.217816368 493.718966795 331.201109227 264.65937041 226.458606252 773.057396692 276.7118174 247.14789974 438.426778689 320.528608496 419.846567308 324.416428566 245.3122693 274.307238127 265.089430426 256.594819153 258.136894333 257.779146871 300.888700999 269.467066633 269.746372016 639.748514546 278.384391414 274.916989514 278.075658525 275.934134463 280.139108919 281.113295819 283.18512154 282.321837931 301.32746901 285.338223067 287.589247393 287.643127615 287.508587998 288.68180595 293.428143117 290.373454663 290.971705468 291.600664585 291.95295726 295.438162505 320.942011848 297.713783246 625.266652056 341.626583792 313.540209434 630.622442336 737.527617696 337.681174426 845.356411737 328.79883587 328.967835185 338.488072068 385.633730027 363.173292777 508.654257215 428.729248773 348.301180636 421.84388504 454.710017674 492.70934637 394.626289116 458.55226668 420.287387905 544.754201668 422.462664725 627.200414885 445.113093931 430.583207908 865.8265635 877.651659108 547.111652879 476.405133853 741.45712255 772.343987298 518.022816934 497.218335429 516.731383916 778.965001512 514.581508475 524.592861897 517.89138107 861.397790058 767.783856685 505.407955108 760.096861631 598.913690334 588.957077357 784.481043787 560.681386229 572.923096249 565.827947457 565.814466265 686.003517893 574.42843051 821.331403907 581.976850951 710.950820086 764.671309634 618.562308448 633.468876602 657.204649798 677.334346119 768.261674151 689.12414474 694.898151655 756.951800772 705.632627195 713.505712903 876.407728877 872.69241866 908.389003265 738.612405857 761.557297367 982.719600944 777.43726362 933.613843502 778.874814225 940.461253089 789.309892932 809.32564815 947.720588603 919.781468275 917.540413302 972.032717912 887.179331413 963.406536755 847.19157263 918.163009808 997.458685979 978.416045138 896.934131942 868.070899779 995.191088618 936.846087027 897.097919281 923.29846785 943.392612422 958.584152865 906.626296266 1057.4942875 972.177056335 955.888851915 970.412026788 953.110313155 1068.85091744 976.091122324 1071.96563188 1062.01314528 1006.22957091 998.386486645 1011.89109908 1035.90190895 1114.28886792 1043.07140186 1041.57001194 1123.67518543 1105.40657785 1106.63058425 1094.50260349 1162.04581977 1095.45259509 1083.72681541 1132.46109526 1084.17305202 1109.74780456 1174.68520729 1146.07242606 1129.38582576 1098.02370341 1159.30685666 1169.7559926 1152.79571151 1168.76706099 1189.72484179 1173.71406209 1184.75563824 1164.13917412 1235.48968825 
329.009924744 304.652317476 399.537281547 171.806010904 509.63379021 0 236.751808746 69.1845565441 485.6347636 491.171509257 211.027929987 517.851519206 193.442852744 236.798503408 589.024688933 165.678811631 282.417371178 407.629641349 613.70630937 309.210594194 396.257594592 464.153338355 253.164719874 369.118474791 277.523574052 367.828608706 508.834703471 453.709734029 474.267689583 573.513312066 552.569050978 565.566290293 436.098481162 540.180197826 566.849279742 266.114167241 512.752523575 557.913133245 534.37123466 549.466835354 561.131063815 574.291345685 555.253868653 569.166971081 487.213525217 564.86864069 545.374674636 564.479705952 576.313712886 584.428253705 540.559113937 566.557581946 566.101323468 570.387962316 578.43701326 563.808211125 477.197699797 558.15904816 291.073052103 458.921571065 554.537780721 304.12919205 341.641828655 502.522227928 410.42921254 551.799064386 563.020802063 533.6461523 443.728747598 505.87485675 355.354687505 416.974478932 573.814542673 456.352398846 428.303168249 404.413361702 539.078172725 447.691037821 544.479165242 415.697023736 548.409628555 396.150637937 546.281555859 583.615094259 477.575887248 490.393021174 460.229733481 547.973427416 441.951295093 455.984299877 527.828502457 582.707743096 568.71870497 481.179780614 585.067507585 585.321337455 602.278168896 521.908269351 490.638038227 660.623698149 494.353334321 540.069203773 585.363952333 527.019302362 644.82748785 638.952287796 667.350210289 668.392448748 563.033178029 713.063379977 563.289835325 720.187856919 586.341043908 601.763312993 741.811424641 739.852181182 756.861867239 721.346701783 670.672009772 819.539416737 801.201923752 720.944856828 880.101430269 890.291450316 706.745530994 707.73749622 713.927730802 885.066528496 846.828214965 751.365480798 828.864148056 755.535254204 882.054441469 766.008639739 871.748407261 866.320413524 798.612384486 812.112240046 821.428384422 816.678793939 845.169730722 823.98550173 932.122041872 854.141035319 840.022229196 847.803477483 886.322570276 937.984877853 857.099112417 873.713731687 917.795314797 889.841896374 889.637250495 885.151660026 944.114464867 890.87365024 908.762984505 965.491165459 967.094297131 1023.49807389 940.394094844 991.467844694 948.454949235 950.229471175 987.2654002 1037.96823342 1015.48756704 1022.58257426 999.587328067 1048.68895791 1063.35589616 1026.24282044 1031.21120849 1031.14796107 1036.16941983 1039.03628259 1061.10021237 1071.80716263 1045.01041944 1081.00391437 1079.70033924 1065.63786558 1074.25979115 1082.76079923 1115.60296491 1079.00734391 1096.49316417 1117.07881363 1120.76711609 1121.1411852 1128.60126599 1137.2270866 1153.1552036 1142.34012358 
518.915227347 279.22191219 236.060256576 161.337507158 275.805484384 236.751808746 0 201.198792872 251.102834377 256.834071033 107.442582915 288.628221073 169.486583212 142.222525021 358.826601071 233.962315843 143.174485321 215.718730163 388.406874597 502.679997858 210.827645451 261.092500933 218.048568239 210.657758177 215.778863025 211.909743264 300.721680778 261.757217901 276.488720909 360.179168515 342.569410034 353.657361556 257.693487668 335.141860585 357.945526582 386.421270246 314.490832356 351.813915469 332.799997867 344.954834975 356.035242482 367.374114552 351.987538377 363.416245569 301.10464415 360.686287992 345.039825041 361.038628238 370.875385023 377.967688491 342.865693408 363.579726767 363.377723087 367.129466114 373.918770137 362.818254888 300.71528245 358.841142386 382.841983351 295.128240864 360.962033382 391.316210648 483.46764501 328.003720206 583.426073808 363.952359918 372.995594999 353.007505236 305.192399243 341.264123608 324.749390509 310.264424332 388.223217642 333.201516474 332.828922364 341.297475402 379.6247688 347.488950575 394.603235815 380.444271174 398.372676726 425.072614639 406.967562081 427.069117993 618.887224728 631.401831739 406.278088472 422.685788941 521.083446411 547.322162775 430.328412493 455.589434377 455.648436615 561.611644431 465.222786502 470.12129393 478.021670056 631.789680536 558.167291579 511.739981718 554.76226906 480.859810973 501.959186686 584.246001862 525.189735973 527.085213389 542.024089962 542.692918204 542.146287887 575.571080089 622.987225336 583.423544337 568.388326464 606.877382784 612.989338064 618.199122002 639.337819289 626.710155559 644.053341035 692.558629483 683.548390924 665.43459089 738.008019395 747.735371668 721.884713599 720.28980757 743.419761077 754.694977932 740.970619334 803.512365881 737.421099902 777.635768385 770.02895538 786.537372394 768.396854657 774.213747331 806.605153203 798.550169768 802.228788031 828.789251619 799.451983888 827.790931752 830.363104645 819.89075776 854.14941519 847.846386815 827.003819176 843.1908031 861.473193778 839.843605234 844.854600055 841.837246722 851.706530175 856.961404392 864.393283269 911.717401151 876.430157856 899.654295923 907.464999859 931.662037483 942.542313868 923.837712613 948.275332422 944.019933347 935.868069567 960.630978666 954.238456753 969.633950074 996.38624542 987.541357937 995.064617053 1014.9698178 1008.36631293 1008.94539159 1005.57859771 1041.20443634 1019.4801271 1019.68667479 1029.21248423 1024.98038409 1036.5229042 1061.33885231 1051.4293253 1047.73308945 1050.77951429 1060.53728499 1074.9686116 1077.65557035 1087.41410401 1097.91752227 1094.03819411 1104.05684231 1102.77714756 1131.86538632 
398.059089307 336.879279913 398.11671764 190.221054449 476.805632236 69.1845565441 201.198792872 0 440.347204558 445.587534576 150.890817959 467.711309734 124.961674619 171.651331426 538.805505439 101.501069386 219.322179076 347.480467033 560.381086344 307.375664645 335.181086278 405.213811424 183.999197647 304.728241174 208.445375901 303.159430288 450.466286046 392.554657396 413.94118806 515.87314435 494.16379442 507.573785489 372.92737577 480.597698634 507.978396443 226.479355421 451.948516904 498.394132535 474.026319912 489.644083771 501.322677149 514.808863428 495.063065954 509.437464389 424.441034461 504.794360992 484.61809917 504.230275736 516.431414399 524.725165076 479.284782544 506.175764708 505.664264045 510.032840458 518.304641656 502.995447762 413.063047545 497.035694957 242.970578008 393.4064295 492.280050102 255.263192111 313.482664484 437.787021899 398.19972995 488.535670002 500.022383845 469.42784323 376.073384748 439.893527087 287.812363237 348.011114357 509.967964244 387.735177778 359.130646746 335.661405187 472.276531223 378.53069119 476.839229254 348.672163445 480.757569023 336.973710225 477.961325422 516.264001968 451.953874968 464.836759067 392.348153532 479.06583553 395.067627052 412.8119742 458.678516427 513.769696159 499.552673071 435.429155221 515.965484281 516.161652698 533.234054487 485.595325927 441.715553661 592.40518511 443.773909521 472.425214553 516.67629445 476.232675016 575.670340501 569.76930514 598.248474618 599.295909849 499.134511473 644.202774543 513.605753683 651.293142321 523.023345288 541.86663371 672.70604886 670.674138359 687.680457102 652.567134742 606.958673426 750.374775317 732.027980399 654.533295393 811.192718319 821.388302795 649.471365453 650.021462988 659.368461531 815.913495838 777.869227298 701.874911537 760.396599459 699.888937027 812.983751424 710.145607444 802.884508018 797.883367587 740.749324179 750.96733746 759.545243806 759.632851176 780.197833158 765.573692569 863.372722071 790.486834735 783.468102453 788.91046636 820.167176993 869.526471544 798.962348883 810.184075807 850.60923386 824.789974213 825.689567346 822.370929293 876.50899694 835.822971791 845.555297678 898.97484313 901.129319555 955.294865073 882.288711569 924.859185885 890.00277425 890.825827686 922.154326527 970.694660323 949.488674014 957.403322896 940.853146847 982.772009131 996.836041802 966.349550613 969.663923207 969.689128243 973.605850209 981.326410138 997.254581425 1006.8298019 984.507479942 1015.64901871 1015.72158549 1006.96294382 1012.84604617 1019.76591033 1049.48175142 1018.22319683 1035.32606494 1053.63236726 1058.08094914 1059.80504871 1065.78121421 1074.60499439 1088.53790636 1082.9311588 
762.592480148 457.397488691 298.79456028 393.67261345 108.771198927 485.6347636 251.102834377 440.347204558 0 6.00923363583 299.139389327 55.0427373238 357.842186697 302.306140739 112.888853702 435.757576774 258.027973601 165.197670652 151.372841168 718.571871123 179.109583396 139.41342435 364.051468897 226.691209456 341.10500646 230.694121252 137.189646966 167.602035625 156.787340306 158.31140199 155.010214458 157.399045815 196.222207877 163.611335842 168.283327849 572.305896256 169.96736288 171.314857016 171.176455579 170.952725723 176.647847652 179.932233677 178.554693111 180.038754333 192.762794471 182.036645849 181.4367505 184.089311054 186.045790179 188.714356147 186.530403804 186.932050605 187.409264564 188.684733201 190.433475763 191.189586391 212.949771798 192.545087072 551.970442183 235.100627405 207.135214859 555.622885359 668.475621918 228.991720078 780.669237827 221.563650526 222.677485488 230.060574766 281.181540881 254.576184842 418.423868756 328.056088776 242.117989997 317.069101671 353.521219638 395.490991321 285.866627453 355.555716102 311.517807003 448.454184455 313.692180153 538.188096502 336.411332842 322.368818645 790.477150449 801.769410572 446.231128204 367.940722715 656.032110683 688.145074045 411.096969569 388.452323409 408.281040559 691.845178392 405.859845814 415.930981513 409.126667691 777.769245985 678.273336527 398.737398601 669.389606979 493.837710459 481.263201698 691.937943366 452.061491502 464.16739198 457.632959139 457.651019397 583.146178813 468.035814625 727.785905451 475.686779663 607.611810175 663.088780083 511.953585998 526.191851531 549.889480057 568.651223141 662.225079039 583.989392112 588.332100277 648.690351477 604.675289283 612.939151865 773.340563903 769.340803899 806.755558203 635.470663022 654.600576339 883.203793723 669.330594284 830.390502868 673.048142207 836.900572011 682.458037149 701.575146728 842.480503888 812.745750185 810.08049565 866.927529302 778.554059919 857.501395025 740.950895426 809.808027083 892.250623735 871.964638299 788.183620848 761.231237649 888.975718954 828.415877875 788.748488285 814.550425422 834.799150432 850.290935936 798.751484421 952.336326562 863.660281238 847.488502741 861.829868104 846.87012484 961.769203084 867.87478012 964.679695659 954.363925086 897.527517375 891.004398293 903.516863753 927.298693944 1006.53429337 934.820289919 933.748506294 1015.43638348 996.800405743 998.039008364 985.764486115 1054.38832394 986.71735005 975.224045828 1024.00684922 975.831721503 1001.05518173 1066.59294947 1037.39265951 1020.61784805 990.261458753 1050.70454202 1061.06751051 1044.09286166 1060.00527305 1080.98840606 1064.96496167 1076.00079409 1055.80403853 1126.96339258 
768.566516242 463.216847501 303.895122737 399.668106599 110.623904947 491.171509257 256.834071033 445.587534576 6.00923363583 0 303.903808135 50.1579260258 362.255176211 306.543042816 106.889567768 440.186664796 261.904908905 166.770800802 145.541274872 722.990308466 180.91759648 138.924439894 367.646618607 228.843766696 344.427658005 232.849437419 134.775836709 167.488772021 155.90495023 153.808173999 151.169609163 153.147313955 196.648819513 160.364672998 164.206376378 576.13717946 167.771419232 167.591032458 168.246683639 167.505758239 172.913037945 175.838389115 175.04320479 176.107822577 191.599280006 178.27709629 178.291404953 180.377685858 182.00298122 184.476662715 183.613654647 183.204732943 183.704232698 184.870064997 186.406352138 187.618478716 212.194068391 189.16853582 555.457846441 234.929273649 204.084251196 558.995585033 672.163068196 227.637219654 784.561112696 218.786007689 219.606338552 227.878934896 281.517250979 253.334747474 420.658472054 329.065003166 239.031279192 317.290991651 354.417169257 396.939907726 284.123614899 356.122997938 309.905650855 449.978466645 312.018559989 540.450911819 334.997809271 320.052673144 793.71983989 804.972363873 447.104907028 366.783857392 658.560021637 690.76323844 410.660941113 386.856815155 407.125091963 694.209354439 404.39600586 414.561901661 407.393963611 780.402334625 680.42002611 395.842821625 671.421978001 493.881797799 480.513270015 693.772162587 450.059040846 462.392639852 455.316528539 455.31739528 583.616007981 465.080797414 729.49953911 472.707116739 607.983548947 663.75524414 509.062526733 523.500620827 547.213272764 566.725806249 661.982475342 580.771470758 585.439432276 647.626113377 600.817980823 609.036123723 773.723035359 769.671129075 807.379699471 631.917164217 651.822313344 884.136377262 666.977544266 830.733893711 669.986425309 837.179358945 679.65196655 699.066409304 842.406342891 812.186782157 809.372696328 866.881095496 777.19473627 857.263295948 737.990854008 808.670730357 892.177488196 871.577524441 786.382451204 758.427278361 888.652282704 827.225254162 786.532573466 812.99562849 833.470459688 849.190412782 796.297162679 952.267807278 862.400217159 845.306082664 859.788863003 843.917337312 961.1813049 865.583311205 964.022019263 953.570485395 895.626802363 888.370860558 901.318069949 925.278017516 1005.6940906 932.548856152 931.276126438 1014.35940376 995.452158569 996.705442619 984.229449984 1053.58540651 984.875949944 973.115920879 1022.78907805 973.613173997 999.139660025 1065.59331067 1035.9564748 1018.88497787 987.766957393 1049.35849392 1059.6184128 1042.1924756 1058.23890476 1079.4549732 1063.15632139 1074.20901132 1053.58251973 1125.68509279 
531.715468961 363.111710254 343.473753315 221.774716523 353.696231363 211.027929987 107.442582915 150.890817959 299.139389327 303.903808135 0 320.748120998 65.7165977212 40.3553115815 391.304596956 140.046816357 72.8736963757 197.024417519 410.691773884 421.328006618 185.295306717 254.409482132 111.245827609 160.101489822 113.257462158 159.301464696 299.599246299 242.76402379 263.632255527 364.982425943 343.312055076 356.690277585 225.444726466 330.009991637 357.206833114 288.146731151 301.942948448 347.793950991 323.765585792 339.151271058 350.830279075 364.204439502 344.736173995 358.91838729 276.312911813 354.417602946 334.599157155 353.936967613 365.976697953 374.203431643 329.623175679 355.951460096 355.46931811 359.796394189 367.961618 353.020481762 267.173699198 347.268574293 279.56312068 251.030591933 343.515819985 287.131482282 386.092852926 293.087210107 491.853120019 341.02582363 352.137284694 323.543813794 243.558147467 298.62240636 221.834459941 231.209004881 363.341960677 263.498894216 249.687496807 246.798204167 333.804918411 266.994368103 342.504074996 280.24973986 346.447747258 317.913343995 348.505208987 379.945612661 518.551055512 530.832764788 311.39336045 356.652973716 414.253847297 441.110080897 351.2667607 391.216186477 384.186444522 454.633000844 397.274385083 399.981764507 412.564480116 526.599033656 450.785499735 460.761733189 447.319833185 389.344762786 418.945248861 476.838955609 458.195063352 456.398041113 478.145948656 479.016280194 442.383217051 518.640575007 515.588197482 526.176340084 468.419574161 503.547673556 551.806112358 553.447703252 572.825487764 550.02228158 546.764332728 631.219352587 617.556234097 575.73748305 685.093559002 695.147300648 618.086332163 616.818077938 638.123818174 695.591366078 670.175197202 696.711023309 660.679258069 673.293570888 702.200980612 682.425141433 696.765365572 698.059100354 704.289375655 699.90290335 704.748310589 725.991989493 708.290491432 726.238680178 758.544272734 725.941026913 751.192356651 747.021993061 739.953542719 768.632448822 760.009251044 745.942846452 762.300421122 751.620721303 758.895051529 761.828671583 784.327135484 808.1088705 782.399835233 815.146465632 821.069995001 856.524241843 841.830644635 840.060794324 847.987233769 844.796403038 847.219430913 880.337223416 868.624478705 881.624898184 896.843301844 902.082587193 911.913085859 917.041888137 912.852213997 913.290952862 911.845476476 940.889198112 928.595701358 931.702886088 932.268743853 938.164831394 946.135519017 962.255479249 956.104329642 955.28571575 966.795268049 964.292295122 979.450767699 986.46422784 994.723696145 1002.87264019 1001.67656031 1011.39027314 1014.68071674 1034.22954545 
805.543362069 509.693846585 353.820644868 438.537594986 155.120648903 517.851519206 288.628221073 467.711309734 55.0427373238 50.1579260258 320.748120998 0 374.241859482 317.149055057 71.211899538 451.74986855 269.322064167 155.641087259 101.445225292 733.295714052 171.149217312 112.567186796 370.660150422 220.462703377 344.939714629 224.386903116 94.6603522608 142.515204885 125.607546709 103.892265988 103.085918977 103.745483674 174.784702095 114.788140572 115.244305716 580.28954807 127.990547056 119.826662798 124.179108872 120.899723626 125.069426276 126.783887159 128.084472802 127.551127173 158.03289445 130.307410939 132.980193503 132.574520856 133.075004099 135.027728794 139.390778806 135.325988694 135.906093078 136.6667 137.509898409 140.318204736 180.988403216 142.676452048 556.105556272 207.471596985 158.967529839 558.466308488 674.451430625 192.031320282 788.741431078 174.89532095 174.268344483 187.148907967 257.047922683 218.09009391 410.230743772 309.211785846 193.494696868 291.498154506 333.394941566 379.987127698 245.408595176 332.535457916 271.77130959 433.260831335 273.501145449 529.552921544 297.894872541 277.876083072 791.161172222 801.997225446 425.192874085 331.075793698 649.587104724 682.517619453 379.420089213 348.379091962 371.209833908 683.655402714 366.618812365 377.308821135 368.038898818 772.065586548 667.987250918 350.619524398 658.024756505 465.567659754 446.867034026 678.622745486 409.075820933 422.620890602 412.690032711 412.60478423 558.043174825 419.479849617 713.248552352 426.992527553 581.618311404 639.409050401 463.676070744 478.971743889 502.722530003 525.904982939 631.174957598 534.011913511 539.968037234 611.576761538 551.999797728 560.09844094 747.057306188 742.637966232 782.418792374 583.96983545 606.78279822 861.368138849 623.862557844 803.693752789 623.769483562 809.669033107 634.473522101 655.191354915 812.432937646 779.043946216 775.286367316 837.064531622 739.220121847 826.164793907 692.140967979 771.95776255 862.147509403 839.476379737 745.952901618 713.210098731 856.949896493 790.177832044 743.98291058 773.881163015 795.614187935 812.653521876 752.605686041 922.201554196 824.913257924 802.880717898 818.058573984 798.049959956 927.692342823 822.617191193 930.089068896 918.799444686 854.591212297 843.8240173 858.7795208 883.610265975 970.592677472 889.643203838 887.431609258 977.824528504 957.355575815 958.691584252 945.094119214 1018.67787806 944.095766626 930.985407916 985.423562839 930.942289982 957.967986121 1029.4843811 997.338906847 978.658127609 943.798873257 1011.24087183 1020.91524988 1001.07747768 1017.81456813 1040.27438266 1022.50752964 1033.64335655 1010.86326087 1087.91106151 
522.325706857 402.357970693 403.790664932 254.144212184 418.03711001 193.442852744 169.486583212 124.961674619 357.842186697 362.255176211 65.7165977212 374.241859482 0 57.3541952785 443.433888499 77.940290378 106.970388801 236.457469096 458.634714542 360.735937493 222.470192871 295.298202994 66.7187900404 185.554911476 85.4784951658 183.435410051 340.808501504 278.393938068 301.055916169 406.609886845 383.753838522 397.759543235 255.107413095 368.151587455 396.516985625 222.586500595 337.577266309 385.84698652 360.239204103 376.638551638 388.209028746 402.142541808 381.318529684 396.378690362 306.746494089 391.157389315 369.954247488 390.281315429 403.021239967 411.55431954 363.737931572 391.967624765 391.361682754 395.834252911 404.424860523 388.04449896 293.063024676 381.586692066 214.251837482 271.275252076 374.881283118 222.203597233 320.551384125 316.633188532 427.357370648 369.463429445 381.315384921 348.919222921 251.357495302 316.898822074 181.094560184 223.841387186 389.836647311 262.911674696 236.527430064 219.448867269 348.228902067 255.628654739 352.077718106 242.470119936 355.987290408 262.502930695 353.005838785 391.680671507 452.856496634 465.153739334 280.721762682 354.672656939 352.134259503 377.911155875 337.530370851 389.444559066 376.535713659 392.845106613 392.304531165 393.028824156 409.25899432 462.383195608 390.74360491 467.443596895 388.34979861 360.888145636 399.273430661 418.767025974 452.450571736 447.529316965 474.539809639 475.555327025 401.975597618 519.687761628 457.524390128 526.844592091 427.397093802 456.724862019 548.989947967 547.754264043 565.397959002 534.092440437 508.726460322 627.156059418 609.948564933 546.495304962 686.761100051 696.944471742 569.775102649 569.094092201 586.799618957 692.527870621 657.972279708 641.338598726 643.371704517 623.767297655 692.157400247 633.294638048 683.588818003 680.925114377 658.118861666 659.029294287 665.370579238 678.971971976 676.337567293 681.158521229 744.672355096 690.736152777 703.8289061 702.932473804 712.133525093 752.326113173 714.936656108 710.683361041 738.758590195 720.420967603 724.806542584 725.046107504 762.97089282 759.498575333 746.803648389 789.390492433 793.421378312 839.122364269 797.580328607 814.871293579 804.309816221 802.569227786 817.151326701 858.198527174 841.50189587 852.049231834 854.032983656 874.95248484 886.954897638 876.258396075 875.005335236 875.277844085 876.045474882 896.920878105 895.841808542 901.937485984 892.654602178 909.542423908 913.840266427 919.874239254 918.339449465 920.756249822 940.805574924 925.422932078 941.392219557 953.17965655 959.800918028 965.293787333 967.089411358 976.442469729 984.493236159 993.499020966 
562.439351337 403.431237551 377.441849221 261.820712629 367.713712329 236.798503408 142.222525021 171.651331426 302.306140739 306.543042816 40.3553115815 317.149055057 57.3541952785 0 386.151066598 134.609589481 49.9915086 180.020850456 401.356278068 416.860136165 166.459397044 238.785730517 77.3889599585 133.090339782 74.1084185335 131.511048754 284.341572185 223.106112383 245.364012122 350.170773664 327.533399013 341.424504733 201.683147199 312.462512527 340.586983931 272.47886365 282.515315656 330.220375864 304.994050832 321.145900893 332.77234593 346.580013965 326.094261925 340.936475365 253.330077562 335.909639534 315.071684348 335.14795023 347.710611858 356.173235351 309.234983627 336.936609912 336.366888353 340.805433133 349.287058322 333.312263566 241.423547352 327.066209158 258.139362746 222.157266562 321.37464314 264.279896682 370.012213162 266.182619388 479.708665896 317.08328192 328.673271279 297.777052642 209.279411698 269.084277805 183.20918667 192.612070568 338.345778844 226.708233335 210.21632243 206.463659598 302.69178834 227.867914008 309.457539998 240.716705222 313.40440897 283.979750365 313.676189508 347.888049885 498.680326808 510.667455395 271.112380632 319.910919883 385.42913768 413.684326241 312.025762776 354.636959282 346.150531481 425.239695051 359.886910769 362.137926388 375.633236789 500.741159411 419.58274244 427.015335501 415.199771388 348.989459151 379.058466752 443.925462872 420.754147798 418.252632905 441.275590242 442.185336904 402.889392842 483.153609855 482.560839547 490.587430222 428.991482721 465.347731504 515.262869098 516.16838262 535.160791195 510.730634695 506.849513382 594.441877637 579.898534297 535.385242179 650.013114165 660.117219968 580.166114117 578.723190526 601.230835962 659.141398251 631.606109928 661.643614926 621.267610248 635.705695456 664.083014389 644.697293821 658.035443288 658.69216451 665.693994761 660.268016475 664.909555453 687.601493797 667.947440732 687.368436565 719.727010512 685.71968084 712.877655824 707.926135681 699.645550164 729.42168316 721.116768725 705.720987933 722.240845367 711.267040691 718.611314783 721.709764473 744.474835872 770.119100245 742.192023425 774.943440796 780.776483491 817.185836081 802.721123883 799.896847802 808.761470566 805.312454012 806.868764782 840.430928115 828.357620029 841.282225377 857.440436541 861.818805539 871.775947204 877.317063039 872.793543227 873.247547798 871.63131175 901.685870152 888.256786387 891.358811916 892.390738161 897.84745884 905.7881442 922.760089174 916.030980439 915.001054121 926.598544738 924.324671902 939.400335945 946.135032698 954.453594543 962.776222493 961.390866466 971.12003846 974.332661329 994.471054535 
