29
0 74.5356141571 4109.91345989 3047.99570684 2266.91173136 973.538817351 4190.10079937 3301.89339622 4757.74219761 3044.34818055 3094.97805449 3986.26114911 5092.5054301 6406.1495674 5903.38885726 8436.19848029 6962.77800083 6693.61223025 6575.92412965 8009.38687659 7398.46274714 7266.04913592 7424.95271635 9639.27159512 9229.43660252 8320.27312045 9300.61235589 8102.46875958 7798.697942 
74.5356141571 0 4069.70514902 2999.49072992 2213.59436212 900.61709338 4137.39724881 3238.52676811 4701.3591289 2969.89527743 3020.6695608 3913.82877684 5023.74920033 6336.65939584 5828.85540889 8368.35974841 6889.86773595 6619.58374858 6501.49557094 7937.76138999 7324.42710085 7191.68806874 7350.71402992 9570.38262581 9159.22425251 8247.71013703 9230.45991294 8028.83690816 7724.47436617 
4109.91345989 4069.70514902 0 1172.36699411 1972.94196569 3496.22809309 891.004385199 1814.90735791 1415.4896746 3672.79792514 3777.16084587 2995.64492463 2876.14714467 3903.80178787 5055.82717938 5441.22638831 4989.60026243 5150.21570659 5315.72613938 5594.54097352 5726.21976924 5809.83974461 5856.58666201 6674.68274186 6464.69040231 6060.16132825 6521.92887913 6164.25625585 6162.54848124 
3047.99570684 2999.49072992 1172.36699411 0 816.6667 2350.0 1172.13007716 994.708187806 1796.67898852 2648.37481067 2755.04585423 2315.28732078 2719.88564997 3972.38405467 4546.82425533 5801.93933095 4883.36173325 4886.17661856 4959.08257644 5695.22215351 5536.10041186 5544.92903173 5633.71760838 7044.24513683 6739.76587642 6110.28275432 6804.32873381 6090.17876494 5975.73055652 
2266.91173136 2213.59436212 1972.94196569 816.6667 0 1533.3333 1923.89945019 1188.01888359 2497.22066283 2208.38053308 2311.80542338 2324.0888095 3087.83459851 4400.10438955 4557.28961311 6341.09176238 5174.32225503 5070.72204961 5074.39104907 6093.55306734 5754.02842847 5710.71987214 5826.82940626 7572.24470976 7220.43780859 6470.55295971 7288.21353587 6373.03344866 6186.05991998 
973.538817351 900.61709338 3496.22809309 2350.0 1533.3333 0 3416.82929158 2409.76023266 3935.3807818 2113.77757765 2175.11175549 3013.53428183 4141.28940656 5448.6620897 4954.90774979 7490.32709566 5989.27277119 5724.12049469 5614.71281545 7039.27474018 6428.97885284 6302.32667012 6458.37499538 8685.17259689 8266.61624057 7347.20278935 8338.14865589 7130.06152771 6831.79415265 
4190.10079937 4137.39724881 891.004385199 1172.13007716 1923.89945019 3416.82929158 0 1233.33336486 650.85409698 3086.34996575 3184.38029747 2202.27155455 1986.7618112 3063.53129681 4179.74614886 4733.7147831 4116.3630058 4260.57507855 4425.08635258 4775.45809321 4843.46167252 4920.89341097 4970.77070575 5976.92327001 5718.63424245 5227.33201547 5779.51368677 5300.96950839 5281.05229939 
3301.89339622 3238.52676811 1814.90735791 994.708187806 1188.01888359 2409.76023266 1233.33336486 0 1586.48805192 1876.75849923 1978.56568953 1320.77417786 1899.8538511 3213.17628834 3555.62933951 5175.28852808 4005.13557934 3946.34149167 3992.11030771 4906.06202762 4614.74997815 4598.57741324 4700.01244893 6399.84815948 6036.96943839 5287.35390142 6105.23462075 5208.88663728 5051.39094315 
4757.74219761 4701.3591289 1415.4896746 1796.67898852 2497.22066283 3935.3807818 650.85409698 1586.48805192 0 3285.36318168 3373.5078471 2177.21784293 1576.30022028 2490.66626249 3883.6551931 4088.05853649 3600.34720548 3817.86733865 4029.33688562 4179.74615444 4355.70088003 4467.82294263 4496.69078198 5330.46807242 5083.3333482 4644.74016879 5143.09146439 4760.54385537 4787.10404942 
3044.34818055 2969.89527743 3672.79792514 2648.37481067 2208.38053308 2113.77757765 3086.34996575 1876.75849923 3285.36318168 0 106.718669615 1359.73858926 2673.84453903 3821.5691469 2863.80667023 5889.37368553 4089.14547987 3722.19319368 3559.68942856 5216.6933043 4421.19584986 4255.95085583 4427.56371928 7000.25798921 6513.10643506 5454.71254523 6587.0665076 5156.03742659 4801.33991246 
3094.97805449 3020.6695608 3777.16084587 2755.04585423 2311.80542338 2175.11175549 3184.38029747 1978.56568953 3373.5078471 106.718669615 0 1411.95293792 2723.61072985 3850.60259887 2824.10256502 5914.62403022 4086.73320568 3704.20179376 3530.2659445 5221.45678033 4400.61552997 4227.45512732 4402.30957908 7016.25099386 6523.14251629 5450.40771034 6597.24270805 5140.25502653 4775.61941035 
3986.26114911 3913.82877684 2995.64492463 2315.28732078 2324.0888095 3013.53428183 2202.27155455 1320.77417786 2177.21784293 1359.73858926 1411.95293792 0 1314.23824874 2510.05785721 2250.24689954 4583.09089019 2980.11927204 2777.1388154 2752.82685394 4030.50865276 3474.41583194 3401.58013902 3530.38480752 5733.26069663 5281.67689649 4334.16658655 5354.38557591 4141.69180033 3896.85227959 
5092.5054301 5023.74920033 2876.14714467 2719.88564997 3087.83459851 4141.28940656 1986.7618112 1899.8538511 1576.30022028 2673.84453903 2723.61072985 1314.23824874 0 1321.76283931 2330.29558545 3350.16581364 2171.14913685 2274.06872685 2457.6976256 3007.02876349 2866.2952216 2934.134485 2987.30892771 4546.82431362 4152.64301807 3399.34629663 4222.29534364 3375.44229332 3305.89874853 
6406.1495674 6336.65939584 3903.80178787 3972.38405467 4400.10438955 5448.6620897 3063.53129681 3213.17628834 2490.66626249 3821.5691469 3850.60259887 2510.05785721 1321.76283931 0 2350.15986689 2073.38319367 1202.91366736 1669.92218578 2040.85392122 1724.93190201 1998.41655373 2212.03356591 2172.37280472 3237.87932141 2830.93052722 2164.03712227 2900.70896506 2284.42211947 2396.63806423 
5903.38885726 5828.85540889 5055.82717938 4546.82425533 4557.28961311 4954.90774979 4179.74614886 3555.62933951 3883.6551931 2863.80667023 2824.10256502 2250.24689954 2330.29558545 2350.15986689 0 3950.03516173 1739.81157856 1108.05137466 772.082339449 2879.86306947 1701.15173364 1449.95121489 1649.94282327 4779.70250167 4196.72491355 2930.91759674 4269.82310107 2469.81780705 2009.99452998 
8436.19848029 8368.35974841 5441.22638831 5801.93933095 6341.09176238 7490.32709566 4733.7147831 5175.28852808 4088.05853649 5889.37368553 5914.62403022 4583.09089019 3350.16581364 2073.38319367 3950.03516173 0 2220.67310241 2897.22085416 3324.15402772 1274.64587544 2650.90483425 3017.96731542 2836.79622831 1243.87392359 1087.93889483 1641.56086326 1129.03600818 2251.54266202 2772.56298831 
6962.77800083 6889.86773595 4989.60026243 4883.36173325 5174.32225503 5989.27277119 4116.3630058 4005.13557934 3600.34720548 4089.14547987 4086.73320568 2980.11927204 2171.14913685 1202.91366736 1739.81157856 2220.67310241 0 683.333268293 1115.67117368 1173.07768522 795.677212373 1040.2043197 973.684327043 3063.44948238 2503.88589973 1367.27633475 2578.22083443 1207.03954736 1200.54545519 
6693.61223025 6619.58374858 5150.21570659 4886.17661856 5070.72204961 5724.12049469 4260.57507855 3946.34149167 3817.86733865 3722.19319368 3704.20179376 2777.1388154 2274.06872685 1669.92218578 1108.05137466 2897.22085416 683.333268293 0 432.691873945 1775.52809046 704.870919542 663.008794944 756.108530023 3673.93220889 3088.73397671 1833.71208209 3161.79451507 1437.97695005 1119.71563307 
6575.92412965 6501.49557094 5315.72613938 4959.08257644 5074.39104907 5614.71281545 4425.08635258 3992.11030771 4029.33688562 3559.68942856 3530.2659445 2752.82685394 2457.6976256 2040.85392122 772.082339449 3324.15402772 1115.67117368 432.691873945 0 2174.40927329 929.287103233 697.666150055 884.603968413 4063.72848475 3467.98852347 2176.70752463 3539.97022131 1697.87447089 1252.37334856 
8009.38687659 7937.76138999 5594.54097352 5695.22215351 6093.55306734 7039.27474018 4775.45809321 4906.06202762 4179.74615444 5216.6933043 5221.45678033 4030.50865276 3007.02876349 1724.93190201 2879.86306947 1274.64587544 1173.07768522 1775.52809046 2174.40927329 0 1399.57678718 1770.07456966 1577.03310973 1900.07311321 1330.83095429 509.901951359 1405.14928586 1001.80395232 1498.29043544 
7398.46274714 7324.42710085 5726.21976924 5536.10041186 5754.02842847 6428.97885284 4843.46167252 4614.74997815 4355.70088003 4421.19584986 4400.61552997 3474.41583194 2866.2952216 1998.41655373 1701.15173364 2650.90483425 795.677212373 704.870919542 929.287103233 1399.57678718 0 370.560563934 197.926372783 3221.6786447 2610.18307804 1285.42411803 2679.43132021 768.675107483 440.456596291 
7266.04913592 7191.68806874 5809.83974461 5544.92903173 5710.71987214 6302.32667012 4920.89341097 4598.57741324 4467.82294263 4255.95085583 4227.45512732 3401.58013902 2934.134485 2212.03356591 1449.95121489 3017.96731542 1040.2043197 663.008794944 697.666150055 1770.07456966 370.560563934 0 220.141999628 3583.1947118 2969.00607873 1638.2570562 3037.2924559 1070.34391929 560.077842881 
7424.95271635 7350.71402992 5856.58666201 5633.71760838 5826.82940626 6458.37499538 4970.77070575 4700.01244893 4496.69078198 4427.56371928 4402.30957908 3530.38480752 2987.30892771 2172.37280472 1649.94282327 2836.79622831 973.684327043 756.108530023 884.603968413 1577.03310973 197.926372783 220.141999628 0 3370.02528903 2754.48722815 1422.23613692 2822.26532571 850.64028829 374.139344478 
9639.27159512 9570.38262581 6674.68274186 7044.24513683 7572.24470976 8685.17259689 5976.92327001 6399.84815948 5330.46807242 7000.25798921 7016.25099386 5733.26069663 4546.82431362 3237.87932141 4779.70250167 1243.87392359 3063.44948238 3673.93220889 4063.72848475 1900.07311321 3221.6786447 3583.1947118 3370.02528903 0 620.259828172 1951.13926606 559.016994375 2580.48232399 3172.7112103 
9229.43660252 9159.22425251 6464.69040231 6739.76587642 7220.43780859 8266.61624057 5718.63424245 6036.96943839 5083.3333482 6513.10643506 6523.14251629 5281.67689649 4152.64301807 2830.93052722 4196.72491355 1087.93889483 2503.88589973 3088.73397671 3467.98852347 1330.83095429 2610.18307804 2969.00607873 2754.48722815 620.259828172 0 1333.3333 74.5356588785 1960.22957839 2552.53033098 
8320.27312045 8247.71013703 6060.16132825 6110.28275432 6470.55295971 7347.20278935 5227.33201547 5287.35390142 4644.74016879 5454.71254523 5450.40771034 4334.16658655 3399.34629663 2164.03712227 2930.91759674 1641.56086326 1367.27633475 1833.71208209 2176.70752463 509.901951359 1285.42411803 1638.2570562 1422.23613692 1951.13926606 1333.3333 0 1400.39677076 648.288376333 1230.41852592 
9300.61235589 9230.45991294 6521.92887913 6804.32873381 7288.21353587 8338.14865589 5779.51368677 6105.23462075 5143.09146439 6587.0665076 6597.24270805 5354.38557591 4222.29534364 2900.70896506 4269.82310107 1129.03600818 2578.22083443 3161.79451507 3539.97022131 1405.14928586 2679.43132021 3037.2924559 2822.26532571 559.016994375 74.5356588785 1400.39677076 0 2023.54202685 2616.2285783 
8102.46875958 8028.83690816 6164.25625585 6090.17876494 6373.03344866 7130.06152771 5300.96950839 5208.88663728 4760.54385537 5156.03742659 5140.25502653 4141.69180033 3375.44229332 2284.42211947 2469.81780705 2251.54266202 1207.03954736 1437.97695005 1697.87447089 1001.80395232 768.675107483 1070.34391929 850.64028829 2580.48232399 1960.22957839 648.288376333 2023.54202685 0 592.939989005 
7798.697942 7724.47436617 6162.54848124 5975.73055652 6186.05991998 6831.79415265 5281.05229939 5051.39094315 4787.10404942 4801.33991246 4775.61941035 3896.85227959 3305.89874853 2396.63806423 2009.99452998 2772.56298831 1200.54545519 1119.71563307 1252.37334856 1498.29043544 440.456596291 560.077842881 374.139344478 3172.7112103 2552.53033098 1230.41852592 2616.2285783 592.939989005 0 